{
 "cells": [
  {
   "cell_type": "markdown",
   "metadata": {},
   "source": [
    "# BRB Realty Investors :  King County Real Estate Modeling Project"
   ]
  },
  {
   "cell_type": "markdown",
   "metadata": {},
   "source": [
    "by Rishi Ahuja | Bryan Keating | Brandon Menendez"
   ]
  },
  {
   "cell_type": "markdown",
   "metadata": {},
   "source": [
    "![Seattle](seattle_skyline.jpeg)"
   ]
  },
  {
   "cell_type": "markdown",
   "metadata": {},
   "source": [
    "## Data Understanding"
   ]
  },
  {
   "cell_type": "markdown",
   "metadata": {},
   "source": [
    "#### Imports"
   ]
  },
  {
   "cell_type": "code",
   "execution_count": 1,
   "metadata": {},
   "outputs": [],
   "source": [
    "import numpy as np\n",
    "import pandas as pd\n",
    "from matplotlib import pyplot as plt\n",
    "import seaborn as sns\n",
    "import statsmodels.api as sm\n",
    "from sklearn.preprocessing import OneHotEncoder, StandardScaler\n",
    "from sklearn.datasets import make_regression\n",
    "from sklearn.linear_model import LinearRegression\n",
    "import sklearn.metrics as metrics\n",
    "from random import gauss\n",
    "from mpl_toolkits.mplot3d import Axes3D\n",
    "from scipy import stats as stats\n",
    "from sklearn.feature_selection import RFE\n",
    "from sklearn.preprocessing import PolynomialFeatures, StandardScaler\n",
    "\n",
    "\n",
    "%matplotlib inline"
   ]
  },
  {
   "cell_type": "markdown",
   "metadata": {},
   "source": [
    "#### Exploring the King County Housing Dataset"
   ]
  },
  {
   "cell_type": "code",
   "execution_count": 2,
   "metadata": {},
   "outputs": [],
   "source": [
    "house_df = pd.read_csv(\"data/kc_house_data.csv\")"
   ]
  },
  {
   "cell_type": "code",
   "execution_count": 3,
   "metadata": {},
   "outputs": [
    {
     "name": "stdout",
     "output_type": "stream",
     "text": [
      "<class 'pandas.core.frame.DataFrame'>\n",
      "RangeIndex: 21597 entries, 0 to 21596\n",
      "Data columns (total 21 columns):\n",
      " #   Column         Non-Null Count  Dtype  \n",
      "---  ------         --------------  -----  \n",
      " 0   id             21597 non-null  int64  \n",
      " 1   date           21597 non-null  object \n",
      " 2   price          21597 non-null  float64\n",
      " 3   bedrooms       21597 non-null  int64  \n",
      " 4   bathrooms      21597 non-null  float64\n",
      " 5   sqft_living    21597 non-null  int64  \n",
      " 6   sqft_lot       21597 non-null  int64  \n",
      " 7   floors         21597 non-null  float64\n",
      " 8   waterfront     19221 non-null  object \n",
      " 9   view           21534 non-null  object \n",
      " 10  condition      21597 non-null  object \n",
      " 11  grade          21597 non-null  object \n",
      " 12  sqft_above     21597 non-null  int64  \n",
      " 13  sqft_basement  21597 non-null  object \n",
      " 14  yr_built       21597 non-null  int64  \n",
      " 15  yr_renovated   17755 non-null  float64\n",
      " 16  zipcode        21597 non-null  int64  \n",
      " 17  lat            21597 non-null  float64\n",
      " 18  long           21597 non-null  float64\n",
      " 19  sqft_living15  21597 non-null  int64  \n",
      " 20  sqft_lot15     21597 non-null  int64  \n",
      "dtypes: float64(6), int64(9), object(6)\n",
      "memory usage: 3.5+ MB\n"
     ]
    }
   ],
   "source": [
    "house_df.info()"
   ]
  },
  {
   "cell_type": "code",
   "execution_count": 4,
   "metadata": {},
   "outputs": [
    {
     "data": {
      "text/html": [
       "<div>\n",
       "<style scoped>\n",
       "    .dataframe tbody tr th:only-of-type {\n",
       "        vertical-align: middle;\n",
       "    }\n",
       "\n",
       "    .dataframe tbody tr th {\n",
       "        vertical-align: top;\n",
       "    }\n",
       "\n",
       "    .dataframe thead th {\n",
       "        text-align: right;\n",
       "    }\n",
       "</style>\n",
       "<table border=\"1\" class=\"dataframe\">\n",
       "  <thead>\n",
       "    <tr style=\"text-align: right;\">\n",
       "      <th></th>\n",
       "      <th>id</th>\n",
       "      <th>price</th>\n",
       "      <th>bedrooms</th>\n",
       "      <th>bathrooms</th>\n",
       "      <th>sqft_living</th>\n",
       "      <th>sqft_lot</th>\n",
       "      <th>floors</th>\n",
       "      <th>sqft_above</th>\n",
       "      <th>yr_built</th>\n",
       "      <th>yr_renovated</th>\n",
       "      <th>zipcode</th>\n",
       "      <th>lat</th>\n",
       "      <th>long</th>\n",
       "      <th>sqft_living15</th>\n",
       "      <th>sqft_lot15</th>\n",
       "    </tr>\n",
       "  </thead>\n",
       "  <tbody>\n",
       "    <tr>\n",
       "      <th>count</th>\n",
       "      <td>2.159700e+04</td>\n",
       "      <td>2.159700e+04</td>\n",
       "      <td>21597.000000</td>\n",
       "      <td>21597.000000</td>\n",
       "      <td>21597.000000</td>\n",
       "      <td>2.159700e+04</td>\n",
       "      <td>21597.000000</td>\n",
       "      <td>21597.000000</td>\n",
       "      <td>21597.000000</td>\n",
       "      <td>17755.000000</td>\n",
       "      <td>21597.000000</td>\n",
       "      <td>21597.000000</td>\n",
       "      <td>21597.000000</td>\n",
       "      <td>21597.000000</td>\n",
       "      <td>21597.000000</td>\n",
       "    </tr>\n",
       "    <tr>\n",
       "      <th>mean</th>\n",
       "      <td>4.580474e+09</td>\n",
       "      <td>5.402966e+05</td>\n",
       "      <td>3.373200</td>\n",
       "      <td>2.115826</td>\n",
       "      <td>2080.321850</td>\n",
       "      <td>1.509941e+04</td>\n",
       "      <td>1.494096</td>\n",
       "      <td>1788.596842</td>\n",
       "      <td>1970.999676</td>\n",
       "      <td>83.636778</td>\n",
       "      <td>98077.951845</td>\n",
       "      <td>47.560093</td>\n",
       "      <td>-122.213982</td>\n",
       "      <td>1986.620318</td>\n",
       "      <td>12758.283512</td>\n",
       "    </tr>\n",
       "    <tr>\n",
       "      <th>std</th>\n",
       "      <td>2.876736e+09</td>\n",
       "      <td>3.673681e+05</td>\n",
       "      <td>0.926299</td>\n",
       "      <td>0.768984</td>\n",
       "      <td>918.106125</td>\n",
       "      <td>4.141264e+04</td>\n",
       "      <td>0.539683</td>\n",
       "      <td>827.759761</td>\n",
       "      <td>29.375234</td>\n",
       "      <td>399.946414</td>\n",
       "      <td>53.513072</td>\n",
       "      <td>0.138552</td>\n",
       "      <td>0.140724</td>\n",
       "      <td>685.230472</td>\n",
       "      <td>27274.441950</td>\n",
       "    </tr>\n",
       "    <tr>\n",
       "      <th>min</th>\n",
       "      <td>1.000102e+06</td>\n",
       "      <td>7.800000e+04</td>\n",
       "      <td>1.000000</td>\n",
       "      <td>0.500000</td>\n",
       "      <td>370.000000</td>\n",
       "      <td>5.200000e+02</td>\n",
       "      <td>1.000000</td>\n",
       "      <td>370.000000</td>\n",
       "      <td>1900.000000</td>\n",
       "      <td>0.000000</td>\n",
       "      <td>98001.000000</td>\n",
       "      <td>47.155900</td>\n",
       "      <td>-122.519000</td>\n",
       "      <td>399.000000</td>\n",
       "      <td>651.000000</td>\n",
       "    </tr>\n",
       "    <tr>\n",
       "      <th>25%</th>\n",
       "      <td>2.123049e+09</td>\n",
       "      <td>3.220000e+05</td>\n",
       "      <td>3.000000</td>\n",
       "      <td>1.750000</td>\n",
       "      <td>1430.000000</td>\n",
       "      <td>5.040000e+03</td>\n",
       "      <td>1.000000</td>\n",
       "      <td>1190.000000</td>\n",
       "      <td>1951.000000</td>\n",
       "      <td>0.000000</td>\n",
       "      <td>98033.000000</td>\n",
       "      <td>47.471100</td>\n",
       "      <td>-122.328000</td>\n",
       "      <td>1490.000000</td>\n",
       "      <td>5100.000000</td>\n",
       "    </tr>\n",
       "    <tr>\n",
       "      <th>50%</th>\n",
       "      <td>3.904930e+09</td>\n",
       "      <td>4.500000e+05</td>\n",
       "      <td>3.000000</td>\n",
       "      <td>2.250000</td>\n",
       "      <td>1910.000000</td>\n",
       "      <td>7.618000e+03</td>\n",
       "      <td>1.500000</td>\n",
       "      <td>1560.000000</td>\n",
       "      <td>1975.000000</td>\n",
       "      <td>0.000000</td>\n",
       "      <td>98065.000000</td>\n",
       "      <td>47.571800</td>\n",
       "      <td>-122.231000</td>\n",
       "      <td>1840.000000</td>\n",
       "      <td>7620.000000</td>\n",
       "    </tr>\n",
       "    <tr>\n",
       "      <th>75%</th>\n",
       "      <td>7.308900e+09</td>\n",
       "      <td>6.450000e+05</td>\n",
       "      <td>4.000000</td>\n",
       "      <td>2.500000</td>\n",
       "      <td>2550.000000</td>\n",
       "      <td>1.068500e+04</td>\n",
       "      <td>2.000000</td>\n",
       "      <td>2210.000000</td>\n",
       "      <td>1997.000000</td>\n",
       "      <td>0.000000</td>\n",
       "      <td>98118.000000</td>\n",
       "      <td>47.678000</td>\n",
       "      <td>-122.125000</td>\n",
       "      <td>2360.000000</td>\n",
       "      <td>10083.000000</td>\n",
       "    </tr>\n",
       "    <tr>\n",
       "      <th>max</th>\n",
       "      <td>9.900000e+09</td>\n",
       "      <td>7.700000e+06</td>\n",
       "      <td>33.000000</td>\n",
       "      <td>8.000000</td>\n",
       "      <td>13540.000000</td>\n",
       "      <td>1.651359e+06</td>\n",
       "      <td>3.500000</td>\n",
       "      <td>9410.000000</td>\n",
       "      <td>2015.000000</td>\n",
       "      <td>2015.000000</td>\n",
       "      <td>98199.000000</td>\n",
       "      <td>47.777600</td>\n",
       "      <td>-121.315000</td>\n",
       "      <td>6210.000000</td>\n",
       "      <td>871200.000000</td>\n",
       "    </tr>\n",
       "  </tbody>\n",
       "</table>\n",
       "</div>"
      ],
      "text/plain": [
       "                 id         price      bedrooms     bathrooms   sqft_living  \\\n",
       "count  2.159700e+04  2.159700e+04  21597.000000  21597.000000  21597.000000   \n",
       "mean   4.580474e+09  5.402966e+05      3.373200      2.115826   2080.321850   \n",
       "std    2.876736e+09  3.673681e+05      0.926299      0.768984    918.106125   \n",
       "min    1.000102e+06  7.800000e+04      1.000000      0.500000    370.000000   \n",
       "25%    2.123049e+09  3.220000e+05      3.000000      1.750000   1430.000000   \n",
       "50%    3.904930e+09  4.500000e+05      3.000000      2.250000   1910.000000   \n",
       "75%    7.308900e+09  6.450000e+05      4.000000      2.500000   2550.000000   \n",
       "max    9.900000e+09  7.700000e+06     33.000000      8.000000  13540.000000   \n",
       "\n",
       "           sqft_lot        floors    sqft_above      yr_built  yr_renovated  \\\n",
       "count  2.159700e+04  21597.000000  21597.000000  21597.000000  17755.000000   \n",
       "mean   1.509941e+04      1.494096   1788.596842   1970.999676     83.636778   \n",
       "std    4.141264e+04      0.539683    827.759761     29.375234    399.946414   \n",
       "min    5.200000e+02      1.000000    370.000000   1900.000000      0.000000   \n",
       "25%    5.040000e+03      1.000000   1190.000000   1951.000000      0.000000   \n",
       "50%    7.618000e+03      1.500000   1560.000000   1975.000000      0.000000   \n",
       "75%    1.068500e+04      2.000000   2210.000000   1997.000000      0.000000   \n",
       "max    1.651359e+06      3.500000   9410.000000   2015.000000   2015.000000   \n",
       "\n",
       "            zipcode           lat          long  sqft_living15     sqft_lot15  \n",
       "count  21597.000000  21597.000000  21597.000000   21597.000000   21597.000000  \n",
       "mean   98077.951845     47.560093   -122.213982    1986.620318   12758.283512  \n",
       "std       53.513072      0.138552      0.140724     685.230472   27274.441950  \n",
       "min    98001.000000     47.155900   -122.519000     399.000000     651.000000  \n",
       "25%    98033.000000     47.471100   -122.328000    1490.000000    5100.000000  \n",
       "50%    98065.000000     47.571800   -122.231000    1840.000000    7620.000000  \n",
       "75%    98118.000000     47.678000   -122.125000    2360.000000   10083.000000  \n",
       "max    98199.000000     47.777600   -121.315000    6210.000000  871200.000000  "
      ]
     },
     "execution_count": 4,
     "metadata": {},
     "output_type": "execute_result"
    }
   ],
   "source": [
    "house_df.describe()"
   ]
  },
  {
   "cell_type": "code",
   "execution_count": 5,
   "metadata": {},
   "outputs": [],
   "source": [
    "# Filling in Nulls with Zero \n",
    "\n",
    "house_df.fillna(0, inplace=True)"
   ]
  },
  {
   "cell_type": "code",
   "execution_count": 6,
   "metadata": {},
   "outputs": [],
   "source": [
    "#Converting dates into years\n",
    "\n",
    "d =[]\n",
    "for i in house_df['date'].values:\n",
    "    d.append(i[-4:])\n",
    "    \n",
    "house_df['date'] = d"
   ]
  },
  {
   "cell_type": "code",
   "execution_count": 7,
   "metadata": {},
   "outputs": [],
   "source": [
    "# Calculating price per living sq ft\n",
    "\n",
    "house_df['ppf'] = house_df['price']/house_df['sqft_living']"
   ]
  },
  {
   "cell_type": "code",
   "execution_count": 8,
   "metadata": {},
   "outputs": [
    {
     "data": {
      "text/plain": [
       "21420"
      ]
     },
     "execution_count": 8,
     "metadata": {},
     "output_type": "execute_result"
    }
   ],
   "source": [
    "# Checking unique IDs in dataset\n",
    "\n",
    "house_df['id'].nunique()\n"
   ]
  },
  {
   "cell_type": "code",
   "execution_count": 9,
   "metadata": {},
   "outputs": [],
   "source": [
    "# Dropping duplicates and leaving the most recent sold price \n",
    "\n",
    "house_df.drop_duplicates(subset='id', keep = 'last', inplace = True)"
   ]
  },
  {
   "cell_type": "code",
   "execution_count": 10,
   "metadata": {},
   "outputs": [
    {
     "data": {
      "text/plain": [
       "id               21420\n",
       "date                 2\n",
       "price             3595\n",
       "bedrooms            12\n",
       "bathrooms           29\n",
       "sqft_living       1034\n",
       "sqft_lot          9776\n",
       "floors               6\n",
       "waterfront           3\n",
       "view                 6\n",
       "condition            5\n",
       "grade               11\n",
       "sqft_above         942\n",
       "sqft_basement      304\n",
       "yr_built           116\n",
       "yr_renovated        70\n",
       "zipcode             70\n",
       "lat               5033\n",
       "long               751\n",
       "sqft_living15      777\n",
       "sqft_lot15        8682\n",
       "ppf              16381\n",
       "dtype: int64"
      ]
     },
     "execution_count": 10,
     "metadata": {},
     "output_type": "execute_result"
    }
   ],
   "source": [
    "house_df.nunique()\n",
    "\n",
    "# Updated dataset now has 21,420 unique homes"
   ]
  },
  {
   "cell_type": "code",
   "execution_count": 11,
   "metadata": {},
   "outputs": [
    {
     "data": {
      "text/html": [
       "<div>\n",
       "<style scoped>\n",
       "    .dataframe tbody tr th:only-of-type {\n",
       "        vertical-align: middle;\n",
       "    }\n",
       "\n",
       "    .dataframe tbody tr th {\n",
       "        vertical-align: top;\n",
       "    }\n",
       "\n",
       "    .dataframe thead th {\n",
       "        text-align: right;\n",
       "    }\n",
       "</style>\n",
       "<table border=\"1\" class=\"dataframe\">\n",
       "  <thead>\n",
       "    <tr style=\"text-align: right;\">\n",
       "      <th></th>\n",
       "      <th>id</th>\n",
       "      <th>price</th>\n",
       "      <th>bedrooms</th>\n",
       "      <th>bathrooms</th>\n",
       "      <th>sqft_living</th>\n",
       "      <th>sqft_lot</th>\n",
       "      <th>floors</th>\n",
       "      <th>sqft_above</th>\n",
       "      <th>yr_built</th>\n",
       "      <th>yr_renovated</th>\n",
       "      <th>zipcode</th>\n",
       "      <th>lat</th>\n",
       "      <th>long</th>\n",
       "      <th>sqft_living15</th>\n",
       "      <th>sqft_lot15</th>\n",
       "      <th>ppf</th>\n",
       "    </tr>\n",
       "  </thead>\n",
       "  <tbody>\n",
       "    <tr>\n",
       "      <th>id</th>\n",
       "      <td>1.000000</td>\n",
       "      <td>-0.018450</td>\n",
       "      <td>0.000691</td>\n",
       "      <td>0.004343</td>\n",
       "      <td>-0.013451</td>\n",
       "      <td>-0.132648</td>\n",
       "      <td>0.018139</td>\n",
       "      <td>-0.011794</td>\n",
       "      <td>0.021171</td>\n",
       "      <td>-0.010857</td>\n",
       "      <td>-0.007934</td>\n",
       "      <td>-0.002766</td>\n",
       "      <td>0.019336</td>\n",
       "      <td>-0.003883</td>\n",
       "      <td>-0.139429</td>\n",
       "      <td>-0.006833</td>\n",
       "    </tr>\n",
       "    <tr>\n",
       "      <th>price</th>\n",
       "      <td>-0.018450</td>\n",
       "      <td>1.000000</td>\n",
       "      <td>0.309640</td>\n",
       "      <td>0.525215</td>\n",
       "      <td>0.701295</td>\n",
       "      <td>0.088789</td>\n",
       "      <td>0.254972</td>\n",
       "      <td>0.604424</td>\n",
       "      <td>0.051012</td>\n",
       "      <td>0.118278</td>\n",
       "      <td>-0.051169</td>\n",
       "      <td>0.306439</td>\n",
       "      <td>0.019826</td>\n",
       "      <td>0.583792</td>\n",
       "      <td>0.082045</td>\n",
       "      <td>0.554108</td>\n",
       "    </tr>\n",
       "    <tr>\n",
       "      <th>bedrooms</th>\n",
       "      <td>0.000691</td>\n",
       "      <td>0.309640</td>\n",
       "      <td>1.000000</td>\n",
       "      <td>0.515383</td>\n",
       "      <td>0.579069</td>\n",
       "      <td>0.032490</td>\n",
       "      <td>0.177734</td>\n",
       "      <td>0.480242</td>\n",
       "      <td>0.155241</td>\n",
       "      <td>0.017470</td>\n",
       "      <td>-0.155061</td>\n",
       "      <td>-0.011266</td>\n",
       "      <td>0.132439</td>\n",
       "      <td>0.394949</td>\n",
       "      <td>0.030570</td>\n",
       "      <td>-0.207278</td>\n",
       "    </tr>\n",
       "    <tr>\n",
       "      <th>bathrooms</th>\n",
       "      <td>0.004343</td>\n",
       "      <td>0.525215</td>\n",
       "      <td>0.515383</td>\n",
       "      <td>1.000000</td>\n",
       "      <td>0.755522</td>\n",
       "      <td>0.087779</td>\n",
       "      <td>0.501803</td>\n",
       "      <td>0.686328</td>\n",
       "      <td>0.506252</td>\n",
       "      <td>0.047686</td>\n",
       "      <td>-0.203884</td>\n",
       "      <td>0.023143</td>\n",
       "      <td>0.223808</td>\n",
       "      <td>0.569453</td>\n",
       "      <td>0.087760</td>\n",
       "      <td>-0.093894</td>\n",
       "    </tr>\n",
       "    <tr>\n",
       "      <th>sqft_living</th>\n",
       "      <td>-0.013451</td>\n",
       "      <td>0.701295</td>\n",
       "      <td>0.579069</td>\n",
       "      <td>0.755522</td>\n",
       "      <td>1.000000</td>\n",
       "      <td>0.172586</td>\n",
       "      <td>0.352868</td>\n",
       "      <td>0.876533</td>\n",
       "      <td>0.316646</td>\n",
       "      <td>0.050851</td>\n",
       "      <td>-0.198995</td>\n",
       "      <td>0.050739</td>\n",
       "      <td>0.240212</td>\n",
       "      <td>0.756186</td>\n",
       "      <td>0.183837</td>\n",
       "      <td>-0.094694</td>\n",
       "    </tr>\n",
       "    <tr>\n",
       "      <th>sqft_lot</th>\n",
       "      <td>-0.132648</td>\n",
       "      <td>0.088789</td>\n",
       "      <td>0.032490</td>\n",
       "      <td>0.087779</td>\n",
       "      <td>0.172586</td>\n",
       "      <td>1.000000</td>\n",
       "      <td>-0.005561</td>\n",
       "      <td>0.183210</td>\n",
       "      <td>0.052312</td>\n",
       "      <td>0.004991</td>\n",
       "      <td>-0.129422</td>\n",
       "      <td>-0.085822</td>\n",
       "      <td>0.230265</td>\n",
       "      <td>0.143805</td>\n",
       "      <td>0.717743</td>\n",
       "      <td>-0.035697</td>\n",
       "    </tr>\n",
       "    <tr>\n",
       "      <th>floors</th>\n",
       "      <td>0.018139</td>\n",
       "      <td>0.254972</td>\n",
       "      <td>0.177734</td>\n",
       "      <td>0.501803</td>\n",
       "      <td>0.352868</td>\n",
       "      <td>-0.005561</td>\n",
       "      <td>1.000000</td>\n",
       "      <td>0.522751</td>\n",
       "      <td>0.488935</td>\n",
       "      <td>0.003141</td>\n",
       "      <td>-0.058532</td>\n",
       "      <td>0.048900</td>\n",
       "      <td>0.124812</td>\n",
       "      <td>0.279071</td>\n",
       "      <td>-0.011367</td>\n",
       "      <td>0.001515</td>\n",
       "    </tr>\n",
       "    <tr>\n",
       "      <th>sqft_above</th>\n",
       "      <td>-0.011794</td>\n",
       "      <td>0.604424</td>\n",
       "      <td>0.480242</td>\n",
       "      <td>0.686328</td>\n",
       "      <td>0.876533</td>\n",
       "      <td>0.183210</td>\n",
       "      <td>0.522751</td>\n",
       "      <td>1.000000</td>\n",
       "      <td>0.422977</td>\n",
       "      <td>0.020078</td>\n",
       "      <td>-0.260803</td>\n",
       "      <td>-0.002040</td>\n",
       "      <td>0.344161</td>\n",
       "      <td>0.731887</td>\n",
       "      <td>0.194445</td>\n",
       "      <td>-0.091274</td>\n",
       "    </tr>\n",
       "    <tr>\n",
       "      <th>yr_built</th>\n",
       "      <td>0.021171</td>\n",
       "      <td>0.051012</td>\n",
       "      <td>0.155241</td>\n",
       "      <td>0.506252</td>\n",
       "      <td>0.316646</td>\n",
       "      <td>0.052312</td>\n",
       "      <td>0.488935</td>\n",
       "      <td>0.422977</td>\n",
       "      <td>1.000000</td>\n",
       "      <td>-0.203147</td>\n",
       "      <td>-0.346162</td>\n",
       "      <td>-0.148857</td>\n",
       "      <td>0.409173</td>\n",
       "      <td>0.324715</td>\n",
       "      <td>0.070125</td>\n",
       "      <td>-0.294758</td>\n",
       "    </tr>\n",
       "    <tr>\n",
       "      <th>yr_renovated</th>\n",
       "      <td>-0.010857</td>\n",
       "      <td>0.118278</td>\n",
       "      <td>0.017470</td>\n",
       "      <td>0.047686</td>\n",
       "      <td>0.050851</td>\n",
       "      <td>0.004991</td>\n",
       "      <td>0.003141</td>\n",
       "      <td>0.020078</td>\n",
       "      <td>-0.203147</td>\n",
       "      <td>1.000000</td>\n",
       "      <td>0.062291</td>\n",
       "      <td>0.027776</td>\n",
       "      <td>-0.064848</td>\n",
       "      <td>0.000812</td>\n",
       "      <td>0.004317</td>\n",
       "      <td>0.098979</td>\n",
       "    </tr>\n",
       "    <tr>\n",
       "      <th>zipcode</th>\n",
       "      <td>-0.007934</td>\n",
       "      <td>-0.051169</td>\n",
       "      <td>-0.155061</td>\n",
       "      <td>-0.203884</td>\n",
       "      <td>-0.198995</td>\n",
       "      <td>-0.129422</td>\n",
       "      <td>-0.058532</td>\n",
       "      <td>-0.260803</td>\n",
       "      <td>-0.346162</td>\n",
       "      <td>0.062291</td>\n",
       "      <td>1.000000</td>\n",
       "      <td>0.266712</td>\n",
       "      <td>-0.564778</td>\n",
       "      <td>-0.278428</td>\n",
       "      <td>-0.147063</td>\n",
       "      <td>0.176247</td>\n",
       "    </tr>\n",
       "    <tr>\n",
       "      <th>lat</th>\n",
       "      <td>-0.002766</td>\n",
       "      <td>0.306439</td>\n",
       "      <td>-0.011266</td>\n",
       "      <td>0.023143</td>\n",
       "      <td>0.050739</td>\n",
       "      <td>-0.085822</td>\n",
       "      <td>0.048900</td>\n",
       "      <td>-0.002040</td>\n",
       "      <td>-0.148857</td>\n",
       "      <td>0.027776</td>\n",
       "      <td>0.266712</td>\n",
       "      <td>1.000000</td>\n",
       "      <td>-0.136228</td>\n",
       "      <td>0.047485</td>\n",
       "      <td>-0.086223</td>\n",
       "      <td>0.473097</td>\n",
       "    </tr>\n",
       "    <tr>\n",
       "      <th>long</th>\n",
       "      <td>0.019336</td>\n",
       "      <td>0.019826</td>\n",
       "      <td>0.132439</td>\n",
       "      <td>0.223808</td>\n",
       "      <td>0.240212</td>\n",
       "      <td>0.230265</td>\n",
       "      <td>0.124812</td>\n",
       "      <td>0.344161</td>\n",
       "      <td>0.409173</td>\n",
       "      <td>-0.064848</td>\n",
       "      <td>-0.564778</td>\n",
       "      <td>-0.136228</td>\n",
       "      <td>1.000000</td>\n",
       "      <td>0.334679</td>\n",
       "      <td>0.255420</td>\n",
       "      <td>-0.240125</td>\n",
       "    </tr>\n",
       "    <tr>\n",
       "      <th>sqft_living15</th>\n",
       "      <td>-0.003883</td>\n",
       "      <td>0.583792</td>\n",
       "      <td>0.394949</td>\n",
       "      <td>0.569453</td>\n",
       "      <td>0.756186</td>\n",
       "      <td>0.143805</td>\n",
       "      <td>0.279071</td>\n",
       "      <td>0.731887</td>\n",
       "      <td>0.324715</td>\n",
       "      <td>0.000812</td>\n",
       "      <td>-0.278428</td>\n",
       "      <td>0.047485</td>\n",
       "      <td>0.334679</td>\n",
       "      <td>1.000000</td>\n",
       "      <td>0.182765</td>\n",
       "      <td>0.035246</td>\n",
       "    </tr>\n",
       "    <tr>\n",
       "      <th>sqft_lot15</th>\n",
       "      <td>-0.139429</td>\n",
       "      <td>0.082045</td>\n",
       "      <td>0.030570</td>\n",
       "      <td>0.087760</td>\n",
       "      <td>0.183837</td>\n",
       "      <td>0.717743</td>\n",
       "      <td>-0.011367</td>\n",
       "      <td>0.194445</td>\n",
       "      <td>0.070125</td>\n",
       "      <td>0.004317</td>\n",
       "      <td>-0.147063</td>\n",
       "      <td>-0.086223</td>\n",
       "      <td>0.255420</td>\n",
       "      <td>0.182765</td>\n",
       "      <td>1.000000</td>\n",
       "      <td>-0.060063</td>\n",
       "    </tr>\n",
       "    <tr>\n",
       "      <th>ppf</th>\n",
       "      <td>-0.006833</td>\n",
       "      <td>0.554108</td>\n",
       "      <td>-0.207278</td>\n",
       "      <td>-0.093894</td>\n",
       "      <td>-0.094694</td>\n",
       "      <td>-0.035697</td>\n",
       "      <td>0.001515</td>\n",
       "      <td>-0.091274</td>\n",
       "      <td>-0.294758</td>\n",
       "      <td>0.098979</td>\n",
       "      <td>0.176247</td>\n",
       "      <td>0.473097</td>\n",
       "      <td>-0.240125</td>\n",
       "      <td>0.035246</td>\n",
       "      <td>-0.060063</td>\n",
       "      <td>1.000000</td>\n",
       "    </tr>\n",
       "  </tbody>\n",
       "</table>\n",
       "</div>"
      ],
      "text/plain": [
       "                     id     price  bedrooms  bathrooms  sqft_living  sqft_lot  \\\n",
       "id             1.000000 -0.018450  0.000691   0.004343    -0.013451 -0.132648   \n",
       "price         -0.018450  1.000000  0.309640   0.525215     0.701295  0.088789   \n",
       "bedrooms       0.000691  0.309640  1.000000   0.515383     0.579069  0.032490   \n",
       "bathrooms      0.004343  0.525215  0.515383   1.000000     0.755522  0.087779   \n",
       "sqft_living   -0.013451  0.701295  0.579069   0.755522     1.000000  0.172586   \n",
       "sqft_lot      -0.132648  0.088789  0.032490   0.087779     0.172586  1.000000   \n",
       "floors         0.018139  0.254972  0.177734   0.501803     0.352868 -0.005561   \n",
       "sqft_above    -0.011794  0.604424  0.480242   0.686328     0.876533  0.183210   \n",
       "yr_built       0.021171  0.051012  0.155241   0.506252     0.316646  0.052312   \n",
       "yr_renovated  -0.010857  0.118278  0.017470   0.047686     0.050851  0.004991   \n",
       "zipcode       -0.007934 -0.051169 -0.155061  -0.203884    -0.198995 -0.129422   \n",
       "lat           -0.002766  0.306439 -0.011266   0.023143     0.050739 -0.085822   \n",
       "long           0.019336  0.019826  0.132439   0.223808     0.240212  0.230265   \n",
       "sqft_living15 -0.003883  0.583792  0.394949   0.569453     0.756186  0.143805   \n",
       "sqft_lot15    -0.139429  0.082045  0.030570   0.087760     0.183837  0.717743   \n",
       "ppf           -0.006833  0.554108 -0.207278  -0.093894    -0.094694 -0.035697   \n",
       "\n",
       "                 floors  sqft_above  yr_built  yr_renovated   zipcode  \\\n",
       "id             0.018139   -0.011794  0.021171     -0.010857 -0.007934   \n",
       "price          0.254972    0.604424  0.051012      0.118278 -0.051169   \n",
       "bedrooms       0.177734    0.480242  0.155241      0.017470 -0.155061   \n",
       "bathrooms      0.501803    0.686328  0.506252      0.047686 -0.203884   \n",
       "sqft_living    0.352868    0.876533  0.316646      0.050851 -0.198995   \n",
       "sqft_lot      -0.005561    0.183210  0.052312      0.004991 -0.129422   \n",
       "floors         1.000000    0.522751  0.488935      0.003141 -0.058532   \n",
       "sqft_above     0.522751    1.000000  0.422977      0.020078 -0.260803   \n",
       "yr_built       0.488935    0.422977  1.000000     -0.203147 -0.346162   \n",
       "yr_renovated   0.003141    0.020078 -0.203147      1.000000  0.062291   \n",
       "zipcode       -0.058532   -0.260803 -0.346162      0.062291  1.000000   \n",
       "lat            0.048900   -0.002040 -0.148857      0.027776  0.266712   \n",
       "long           0.124812    0.344161  0.409173     -0.064848 -0.564778   \n",
       "sqft_living15  0.279071    0.731887  0.324715      0.000812 -0.278428   \n",
       "sqft_lot15    -0.011367    0.194445  0.070125      0.004317 -0.147063   \n",
       "ppf            0.001515   -0.091274 -0.294758      0.098979  0.176247   \n",
       "\n",
       "                    lat      long  sqft_living15  sqft_lot15       ppf  \n",
       "id            -0.002766  0.019336      -0.003883   -0.139429 -0.006833  \n",
       "price          0.306439  0.019826       0.583792    0.082045  0.554108  \n",
       "bedrooms      -0.011266  0.132439       0.394949    0.030570 -0.207278  \n",
       "bathrooms      0.023143  0.223808       0.569453    0.087760 -0.093894  \n",
       "sqft_living    0.050739  0.240212       0.756186    0.183837 -0.094694  \n",
       "sqft_lot      -0.085822  0.230265       0.143805    0.717743 -0.035697  \n",
       "floors         0.048900  0.124812       0.279071   -0.011367  0.001515  \n",
       "sqft_above    -0.002040  0.344161       0.731887    0.194445 -0.091274  \n",
       "yr_built      -0.148857  0.409173       0.324715    0.070125 -0.294758  \n",
       "yr_renovated   0.027776 -0.064848       0.000812    0.004317  0.098979  \n",
       "zipcode        0.266712 -0.564778      -0.278428   -0.147063  0.176247  \n",
       "lat            1.000000 -0.136228       0.047485   -0.086223  0.473097  \n",
       "long          -0.136228  1.000000       0.334679    0.255420 -0.240125  \n",
       "sqft_living15  0.047485  0.334679       1.000000    0.182765  0.035246  \n",
       "sqft_lot15    -0.086223  0.255420       0.182765    1.000000 -0.060063  \n",
       "ppf            0.473097 -0.240125       0.035246   -0.060063  1.000000  "
      ]
     },
     "execution_count": 11,
     "metadata": {},
     "output_type": "execute_result"
    }
   ],
   "source": [
    "# Looking at correlations between price and other columns\n",
    "\n",
    "house_df.corr()"
   ]
  },
  {
   "cell_type": "code",
   "execution_count": 12,
   "metadata": {
    "scrolled": true
   },
   "outputs": [
    {
     "data": {
